      0/99     4.85G      2.23      1.81         0      4.04         0         0         1       416         0         0         0         0      2.34      1.81         0
      1/99     4.85G      1.92      1.77         0      3.69         0         0         1       416         0         0         0         0         2      1.67         0
      2/99     4.85G      1.78      1.49         0      3.26         0         0         1       416         0         0         0         0      1.73      1.41         0
      3/99     4.85G       1.8      1.15         0      2.95         0         0         2       416         0         0         0         0      1.41      1.12         0
      4/99     4.85G      1.66     0.917         0      2.58         0         0         1       416         0         0         0         0      1.24      0.91         0
      5/99     4.85G      1.67     0.764         0      2.43         0         0         1       416         0         0         0         0      1.31     0.788         0
      6/99     4.85G      1.53     0.859         0      2.39         0         0         3       416         0         0         0         0      1.47     0.766         0
      7/99     4.85G      1.53     0.647         0      2.18         0         0         2       416         0         0         0         0      1.44     0.756         0
      8/99     4.85G      1.43     0.749         0      2.17         0         0         2       416         0         0         0         0      1.38     0.748         0
      9/99     4.85G      1.43     0.588         0      2.02         0         0         1       416         0         0         0         0      1.36     0.739         0
     10/99     4.86G      1.38     0.648         0      2.03         0         0         1       416         0         0         0         0      1.39     0.734         0
     11/99     4.86G      1.33     0.598         0      1.93         0         0         1       416         0         0         0         0      1.28     0.724         0
     12/99     4.86G      1.44     0.651         0      2.09         0         0         2       416         0         0         0         0      1.24     0.717         0
     13/99     4.86G      1.41      0.65         0      2.06         0         0         1       416         0         0         0         0      1.29      0.71         0
     14/99     4.86G      1.45     0.634         0      2.08         0         0         1       416         0         0         0         0       1.3     0.705         0
     15/99     4.86G      1.36     0.603         0      1.96         0         0         1       416         0         0         0         0      1.32     0.701         0
     16/99     4.86G      1.28     0.648         0      1.93         0         0         2       416         0         0         0         0      1.32     0.694         0
     17/99     4.86G       1.3     0.613         0      1.91         0         0         2       416         0         0         0         0      1.29     0.686         0
     18/99     4.86G       1.3     0.667         0      1.97         0         0         2       416         0         0         0         0      1.29     0.679         0
     19/99     4.86G      1.21     0.586         0       1.8         0         0         1       416         0         0         0         0      1.24     0.672         0
     20/99     4.86G       1.3     0.513         0      1.82         0         0         1       416         0         0         0         0      1.22     0.669         0
     21/99     4.86G       1.3     0.577         0      1.87         0         0         2       416         0         0         0         0      1.24     0.661         0
     22/99     4.86G      1.49     0.572         0      2.06         0         0         3       416         0         0         0         0      1.24     0.655         0
     23/99     4.86G      1.35     0.538         0      1.88         0         0         1       416         0         0         0         0      1.27      0.65         0
     24/99     4.86G      1.35     0.548         0       1.9         0         0         1       416         0         0         0         0      1.29     0.645         0
     25/99     4.86G      1.43     0.511         0      1.94         0         0         2       416         0         0         0         0      1.31     0.638         0
     26/99     4.86G      1.33     0.524         0      1.86         0         0         2       416         0         0         0         0      1.27     0.633         0
     27/99     4.86G       1.2     0.562         0      1.76         0         0         2       416         0         0         0         0      1.22     0.625         0
     28/99     4.86G      1.17     0.479         0      1.65         0         0         1       416         0         0         0         0      1.17     0.622         0
     29/99     4.86G      1.03     0.446         0      1.48         0         0         1       416         0         0         0         0      1.15     0.615         0
     30/99     4.86G      1.21     0.483         0      1.69         0         0         2       416         0         0         0         0      1.17     0.608         0
     31/99     4.86G      1.28     0.442         0      1.72         0         0         2       416         0         0         0         0      1.15     0.598         0
     32/99     4.86G      1.27     0.419         0      1.68         0         0         1       416    0.0208     0.167   0.00384     0.037       1.2     0.589         0
     33/99     4.86G      1.28     0.389         0      1.67         0         0         1       416    0.0222     0.167   0.00423    0.0392       1.2      0.58         0
     34/99     4.86G      1.25      0.44         0      1.69         0         0         2       416    0.0222     0.167   0.00485    0.0392      1.19     0.569         0
     35/99     4.86G      1.14     0.349         0      1.48         0         0         1       416    0.0227     0.167     0.005      0.04      1.17      0.56         0
     36/99     4.86G      1.26      0.37         0      1.63         0         0         1       416    0.0213     0.167    0.0055    0.0377      1.17     0.551         0
     37/99     4.86G      1.25     0.413         0      1.66         0         0         2       416    0.0417     0.333    0.0143    0.0741      1.16     0.541         0
     38/99     4.86G      1.16     0.334         0      1.49         0         0         1       416    0.0465     0.333    0.0163    0.0816      1.14     0.535         0
     39/99     4.86G      1.08     0.367         0      1.44         0         0         2       416    0.0455     0.333    0.0186      0.08      1.14     0.524         0
     40/99     4.86G      1.23     0.288         0      1.52         0         0         1       416    0.0811       0.5    0.0458      0.14      1.13      0.52         0
     41/99     4.86G      1.18     0.328         0      1.51         0         0         2       416    0.0882       0.5    0.0473      0.15      1.11     0.518         0
     42/99     4.86G      1.22     0.349         0      1.57         0         0         2       416    0.0857       0.5    0.0502     0.146      1.18     0.514         0
     43/99     4.86G      1.16     0.259         0      1.42         0         0         1       416    0.0769       0.5    0.0506     0.133      1.18     0.501         0
     44/99     4.86G      1.16     0.268         0      1.43         0         0         1       416    0.0882       0.5    0.0593      0.15      1.14     0.496         0
     45/99     4.86G       1.1      0.26         0      1.36         0         0         1       416       0.1       0.5    0.0617     0.167      1.11     0.499         0
     46/99     4.86G      1.29     0.262         0      1.56         0         0         2       416    0.0769     0.333    0.0419     0.125      1.13     0.492         0
     47/99     4.86G      1.16     0.254         0      1.41         0         0         1       416    0.0417     0.167    0.0138    0.0667       1.1     0.505         0
     48/99     4.86G      1.11     0.231         0      1.35         0         0         1       416    0.0417     0.167    0.0165    0.0667      1.16      0.51         0
     49/99     4.86G      1.06     0.264         0      1.32         0         0         2       416      0.05     0.167    0.0165    0.0769       1.1     0.501         0
     50/99     4.86G      1.04     0.254         0      1.29         0         0         1       416    0.0476     0.167    0.0165    0.0741      1.17     0.518         0
     51/99     4.86G      0.95     0.229         0      1.18         0         0         1       416    0.0476     0.167    0.0138    0.0741      1.18     0.507         0
     52/99     4.86G      1.01      0.28         0      1.29         0         0         2       416    0.0588     0.167    0.0165     0.087      1.17     0.493         0
     53/99     4.86G      1.05     0.263         0      1.31         0         0         2       416    0.0625     0.167    0.0183    0.0909      1.15     0.486         0
     54/99     4.86G     0.987     0.253         0      1.24         0         0         2       416    0.0714     0.167    0.0236       0.1      1.11     0.468         0
     55/99     4.86G      1.09      0.26         0      1.35         0         0         2       416    0.0526     0.167    0.0236      0.08      1.13     0.452         0
     56/99     4.86G      1.05     0.251         0       1.3         0         0         2       416    0.0556     0.167    0.0236    0.0833      1.14     0.445         0
     57/99     4.86G     0.911     0.194         0       1.1         0         0         1       416      0.05     0.167    0.0236    0.0769      1.15      0.44         0
     58/99     4.86G      1.13      0.24         0      1.37         0         0         2       416    0.0526     0.167    0.0236      0.08      1.18     0.437         0
     59/99     4.86G      1.25     0.203         0      1.45         0         0         1       416    0.0476     0.167    0.0183    0.0741      1.23     0.436         0
     60/99     4.86G      1.04     0.188         0      1.23         0         0         1       416    0.0625     0.167    0.0118    0.0909      1.26     0.456         0
     61/99     4.86G     0.961      0.23         0      1.19         0         0         2       416    0.0714     0.167    0.0206       0.1      1.25     0.473         0
     62/99     4.86G      1.04     0.182         0      1.22         0         0         1       416    0.0667     0.167    0.0183    0.0952      1.31       0.5         0
     63/99     4.86G      1.04     0.219         0      1.26         0         0         1       416    0.0769     0.167    0.0165     0.105      1.27       0.5         0
     64/99     4.86G     0.993     0.209         0       1.2         0         0         1       416    0.0909     0.167     0.015     0.118       1.3     0.523         0
     65/99     4.86G     0.823     0.205         0      1.03         0         0         1       416         0         0         0         0      1.24     0.538         0
     66/99     4.86G     0.918     0.225         0      1.14         0         0         2       416         0         0         0         0      1.21     0.541         0
     67/99     4.86G      1.04     0.228         0      1.27         0         0         2       416         0         0         0         0      1.28     0.548         0
     68/99     4.86G     0.911     0.259         0      1.17         0         0         2       416         0         0         0         0      1.24     0.534         0
     69/99     4.86G     0.871     0.191         0      1.06         0         0         1       416         0         0         0         0      1.26     0.531         0
     70/99     4.86G     0.889     0.172         0      1.06         0         0         1       416      0.25     0.167     0.055       0.2      1.31     0.523         0
     71/99     4.86G     0.767      0.18         0     0.948         0         0         1       416       0.2     0.167     0.055     0.182      1.32     0.516         0
     72/99     4.86G     0.851     0.189         0      1.04         0         0         1       416       0.2     0.167     0.055     0.182      1.33     0.511         0
     73/99     4.86G     0.834     0.205         0      1.04         0         0         2       416       0.2     0.167     0.055     0.182      1.34     0.515         0
     74/99     4.86G     0.909     0.183         0      1.09         0         0         1       416     0.143     0.167     0.055     0.154      1.33     0.507         0
     75/99     4.86G     0.836     0.186         0      1.02         0         0         2       416     0.167     0.167     0.055     0.167      1.34     0.503         0
     76/99     4.86G     0.967     0.189         0      1.16         0         0         1       416     0.167     0.167     0.055     0.167      1.34     0.495         0
     77/99     4.86G      0.81     0.236         0      1.05         0         0         2       416     0.143     0.167     0.055     0.154      1.32     0.492         0
     78/99     4.86G     0.943     0.194         0      1.14         0         0         2       416     0.143     0.167     0.055     0.154      1.32     0.482         0
     79/99     4.86G      0.86     0.206         0      1.07         0         0         2       416     0.143     0.167     0.055     0.154      1.32     0.472         0
     80/99     4.86G     0.821     0.198         0      1.02         0         0         2       416     0.143     0.167     0.055     0.154      1.32      0.46         0
     81/99     4.86G     0.868     0.213         0      1.08         0         0         3       416     0.143     0.167     0.055     0.154      1.33     0.463         0
     82/99     4.86G     0.872     0.173         0      1.04         0         0         1       416     0.143     0.167     0.055     0.154      1.33      0.46         0
     83/99     4.86G     0.936     0.214         0      1.15         0         0         3       416     0.143     0.167     0.055     0.154      1.33     0.452         0
     84/99     4.86G     0.789     0.191         0      0.98         0         0         2       416     0.125     0.167     0.055     0.143      1.33     0.456         0
     85/99     4.86G     0.829     0.159         0     0.988         0         0         1       416     0.125     0.167     0.055     0.143      1.34     0.451         0
     86/99     4.86G     0.888     0.162         0      1.05         0         0         1       416     0.125     0.167     0.055     0.143      1.35     0.452         0
     87/99     4.86G     0.951     0.219         0      1.17         0         0         2       416     0.125     0.167     0.055     0.143      1.35     0.449         0
     88/99     4.86G     0.752     0.183         0     0.936         0         0         2       416       0.1     0.167     0.055     0.125      1.33     0.444         0
     89/99     4.86G     0.741     0.186         0     0.927         0         0         2       416       0.1     0.167     0.055     0.125      1.33     0.442         0
     90/99     4.86G     0.859     0.163         0      1.02         0         0         1       416       0.1     0.167     0.055     0.125      1.33     0.441         0
     91/99     4.86G     0.858     0.222         0      1.08         0         0         2       416       0.1     0.167     0.055     0.125      1.32     0.437         0
     92/99     4.86G       0.8     0.226         0      1.03         0         0         2       416       0.1     0.167     0.055     0.125      1.32     0.437         0
     93/99     4.86G     0.919     0.207         0      1.13         0         0         2       416       0.1     0.167     0.055     0.125      1.32     0.441         0
     94/99     4.86G     0.823     0.156         0     0.978         0         0         1       416     0.111     0.167     0.055     0.133      1.32     0.439         0
     95/99     4.86G     0.841     0.206         0      1.05         0         0         2       416     0.111     0.167     0.055     0.133      1.33     0.443         0
     96/99     4.86G     0.827     0.195         0      1.02         0         0         2       416     0.111     0.167     0.055     0.133      1.32     0.445         0
     97/99     4.86G     0.809     0.176         0     0.985         0         0         1       416       0.1     0.167     0.055     0.125      1.31     0.438         0
     98/99     4.86G     0.768     0.201         0     0.969         0         0         2       416       0.1     0.167     0.055     0.125       1.3     0.437         0
     99/99     4.86G     0.827     0.181         0      1.01         0         0         2       416    0.0283         1     0.254     0.055      1.31     0.425         0
